340 0.285198 0.317737 1 
350 0.733431 0.782951 1 
358 0.413691 0.897574 1 
535 0.683783 0.333676 1 
534 0.0962479 0.639298 1 
533 0.866289 0.72042 1 
532 0.608252 0.894798 1 
362 0.955658 0.739192 1 
531 0.0340454 0.201619 1 
530 0.105028 0.203072 1 
529 0.787742 0.57203 1 
528 0.0860975 0.0412202 1 
366 0.781251 0.486318 1 
527 0.505774 0.541982 1 
526 0.706012 0.947373 1 
369 0.765476 0.354872 1 
524 0.369951 0.761568 1 
523 0.906488 0.341427 1 
371 0.337337 0.628273 1 
522 0.187917 0.316053 1 
521 0.43273 0.898208 1 
373 0.169325 0.853426 1 
520 0.742859 0.22523 1 
375 0.561994 0.434264 1 
518 0.849078 0.446941 1 
761 0.420154 0.534021 1 
377 0.935758 0.279975 1 
760 0.243247 0.250218 1 
378 0.532648 0.20957 1 
759 0.788626 0.44239 1 
379 0.24609 0.0348124 1 
