1675 0.661355 0.391259 1 
1706 0.16545 0.710242 1 
1721 0.695473 0.813988 1 
1730 0.451273 0.5522 1 
1742 0.270703 0.698366 1 
1750 0.38831 0.319557 1 
1758 0.560975 0.298577 1 
1766 0.882197 0.0807142 1 
1771 0.822175 0.29195 1 
1775 0.533621 0.575847 1 
1778 0.588882 0.339516 1 
1782 0.32727 0.426709 1 
1785 0.917727 0.235624 1 
1789 0.554868 0.667656 1 
1793 0.317308 0.987447 1 
1797 0.0503003 0.397904 1 
1801 0.579536 0.263158 1 
1803 0.875775 0.154855 1 
1805 0.703204 0.742886 1 
1807 0.950856 0.0300875 1 
1809 0.967772 0.34805 1 
1811 0.900865 0.831577 1 
1813 0.860253 0.277166 1 
1815 0.343927 0.380563 1 
1817 0.615347 0.133243 1 
1819 0.256264 0.0329431 1 
1823 0.260709 0.735434 1 
1825 0.421397 0.417036 1 
1827 0.332734 0.267438 1 
1829 0.18796 0.0405794 1 
1830 0.0172252 0.50413 1 
