350 0.733431 0.782951 1 
362 0.955658 0.739192 1 
528 0.0860975 0.0412202 1 
527 0.505774 0.541982 1 
526 0.706012 0.947373 1 
369 0.765476 0.354872 1 
524 0.369951 0.761568 1 
523 0.906488 0.341427 1 
522 0.187917 0.316053 1 
521 0.43273 0.898208 1 
373 0.169325 0.853426 1 
520 0.742859 0.22523 1 
518 0.849078 0.446941 1 
761 0.420154 0.534021 1 
377 0.935758 0.279975 1 
760 0.243247 0.250218 1 
759 0.788626 0.44239 1 
379 0.24609 0.0348124 1 
758 0.72422 0.972796 1 
757 0.909246 0.700347 1 
381 0.488249 0.00238177 1 
756 0.602196 0.112091 1 
517 0.936521 0.114884 1 
383 0.3912 0.905313 1 
755 0.699881 0.908526 1 
754 0.697824 0.327941 1 
385 0.132326 0.0058911 1 
753 0.52773 0.564152 1 
752 0.826515 0.236005 1 
387 0.11046 0.495768 1 
751 0.167645 0.604976 1 
