1766 0.882197 0.0807142 1 
1797 0.0503003 0.397904 1 
1815 0.343927 0.380563 1 
1830 0.0172252 0.50413 1 
1838 0.693634 0.905487 1 
1853 0.32013 0.428425 1 
1861 0.766273 0.746228 1 
1865 0.716311 0.0444111 1 
1869 0.629765 0.460496 1 
1873 0.435172 0.937388 1 
1875 0.355156 0.100849 1 
1878 0.452615 0.0921195 1 
1882 0.130252 0.15143 1 
1886 0.688849 0.488753 1 
1890 0.584209 0.80453 1 
1893 0.184964 0.696019 1 
1895 0.540692 0.404746 1 
1897 0.404813 0.691061 1 
1899 0.670802 0.171645 1 
1901 0.141962 0.95274 1 
1903 0.536581 0.310764 1 
1905 0.302096 0.321283 1 
1906 0.798649 0.9021 1 
1908 0.267908 0.728207 1 
1910 0.760385 0.78355 1 
1912 0.675573 0.362002 1 
1914 0.116073 0.834298 1 
1916 0.905804 0.841133 1 
1918 0.867585 0.507451 1 
1920 0.00373081 0.70365 1 
1922 0.30755 0.994457 1 
