1440 0.899904 0.680448 1 
1072 0.807771 0.207299 1 
1276 0.163946 0.447865 1 
1302 0.676916 0.93538 1 
856 0.173 0.616275 1 
1364 0.982822 0.286115 1 
1078 0.721805 0.372567 1 
865 0.306109 0.768604 1 
1237 0.0593917 0.196681 1 
1328 0.768528 0.655674 1 
872 0.67207 0.487427 1 
1083 0.670034 0.261063 1 
1327 0.477162 0.656498 1 
1084 0.683334 0.793298 1 
876 0.296472 0.812255 1 
1361 0.198528 0.663262 1 
1264 0.230827 0.517209 1 
880 0.0966495 0.387335 1 
1087 0.649152 0.297989 1 
1239 0.48933 0.167753 1 
884 0.00734208 0.398286 1 
887 0.301243 0.993408 1 
1090 0.746249 0.198928 1 
889 0.54337 0.420762 1 
891 0.120965 0.0651307 1 
1092 0.139781 0.301915 1 
893 0.225009 0.731296 1 
895 0.488061 0.838157 1 
897 0.766913 0.512926 1 
898 0.739376 0.699476 1 
899 0.0907022 0.431122 1 
