33 0.296533 0.82998 1 
1291 0.830433 0.0800082 1 
1466 0.133889 0.276234 1 
632 0.334123 0.600388 1 
64 0.737779 0.858324 1 
1025 0.834803 0.526625 1 
259 0.514997 0.556584 1 
1028 0.590311 0.358244 1 
257 0.217993 0.812987 1 
79 0.155819 0.843027 1 
91 0.896963 0.258836 1 
99 0.557518 0.200863 1 
107 0.0757062 0.394561 1 
115 0.116522 0.382331 1 
119 0.439663 0.41591 1 
123 0.243209 0.621839 1 
127 0.395284 0.533673 1 
513 0.881127 0.0978385 1 
1290 0.339766 0.445043 1 
1463 0.225006 0.680119 1 
1027 0.120345 0.643577 1 
766 0.244608 0.129286 1 
131 0.808212 0.614941 1 
133 0.951778 0.534579 1 
134 0.66856 0.490182 1 
764 0.443401 0.242097 1 
136 0.524793 0.190116 1 
138 0.161569 0.491511 1 
140 0.683828 0.0886624 1 
142 0.668738 0.475574 1 
146 0.144413 0.143406 1 
