7 0.832475 0.402942 1 
15 0.0335754 0.30129 1 
33 0.296533 0.82998 1 
23 0.0907609 0.41899 1 
1291 0.830433 0.0800082 1 
1466 0.133889 0.276234 1 
632 0.334123 0.600388 1 
39 0.359364 0.832052 1 
53 0.818072 0.343585 1 
61 0.431272 0.386325 1 
64 0.737779 0.858324 1 
1025 0.834803 0.526625 1 
259 0.514997 0.556584 1 
1028 0.590311 0.358244 1 
257 0.217993 0.812987 1 
67 0.685696 0.485606 1 
71 0.752985 0.41157 1 
75 0.996702 0.571994 1 
79 0.155819 0.843027 1 
83 0.934359 0.778296 1 
87 0.491801 0.694037 1 
89 0.278179 0.362918 1 
91 0.896963 0.258836 1 
93 0.624891 0.542844 1 
95 0.0821229 0.239934 1 
97 0.265207 0.331657 1 
99 0.557518 0.200863 1 
101 0.361103 0.0525065 1 
103 0.707131 0.751822 1 
105 0.592671 0.0136194 1 
107 0.0757062 0.394561 1 
