281 0.626367 0.347535 1 
300 0.874087 0.774147 1 
303 0.512668 0.413672 1 
589 0.938677 0.345495 1 
588 0.207838 0.136606 1 
587 0.769446 0.0771826 1 
306 0.0136568 0.5302 1 
586 0.442212 0.25726 1 
585 0.552881 0.268069 1 
584 0.533037 0.746389 1 
583 0.586429 0.116471 1 
310 0.322235 0.810391 1 
582 0.19658 0.925661 1 
581 0.949472 0.783971 1 
312 0.996151 0.30868 1 
580 0.652774 0.178792 1 
579 0.666512 0.0656068 1 
314 0.859795 0.57749 1 
578 0.104154 0.52143 1 
316 0.840339 0.57919 1 
577 0.00367278 0.728453 1 
576 0.124663 0.216755 1 
318 0.360515 0.177624 1 
575 0.186139 0.441252 1 
574 0.182543 0.997334 1 
320 0.196427 0.353854 1 
573 0.619114 0.452382 1 
572 0.095948 0.597645 1 
322 0.430486 0.170037 1 
571 0.605167 0.0456415 1 
570 0.918391 0.398084 1 
