1466 0.133889 0.276234 1 
1025 0.834803 0.526625 1 
257 0.217993 0.812987 1 
91 0.896963 0.258836 1 
115 0.116522 0.382331 1 
513 0.881127 0.0978385 1 
1290 0.339766 0.445043 1 
1463 0.225006 0.680119 1 
766 0.244608 0.129286 1 
131 0.808212 0.614941 1 
764 0.443401 0.242097 1 
136 0.524793 0.190116 1 
151 0.460946 0.113058 1 
155 0.791701 0.125243 1 
159 0.942093 0.756179 1 
163 0.546029 0.103101 1 
164 0.81045 0.230397 1 
167 0.382013 0.488684 1 
169 0.517137 0.516043 1 
171 0.229503 0.261097 1 
173 0.0605121 0.0264405 1 
175 0.27043 0.109398 1 
635 0.513405 0.794565 1 
177 0.323124 0.739473 1 
179 0.6342 0.993664 1 
181 0.746351 0.926294 1 
183 0.269048 0.891651 1 
185 0.548509 0.789129 1 
187 0.170815 0.879627 1 
188 0.889588 0.312164 1 
189 0.539893 0.97569 1 
