513 0.881127 0.0978385 1 
1290 0.339766 0.445043 1 
1463 0.225006 0.680119 1 
764 0.443401 0.242097 1 
136 0.524793 0.190116 1 
159 0.942093 0.756179 1 
167 0.382013 0.488684 1 
175 0.27043 0.109398 1 
635 0.513405 0.794565 1 
183 0.269048 0.891651 1 
189 0.539893 0.97569 1 
193 0.0324752 0.809873 1 
197 0.276742 0.203659 1 
201 0.736067 0.071185 1 
205 0.0898996 0.942203 1 
209 0.293345 0.247361 1 
212 0.123553 0.548798 1 
214 0.455882 0.00965085 1 
216 0.0827582 0.91662 1 
218 0.023276 0.200332 1 
220 0.731081 0.281927 1 
222 0.0593795 0.991881 1 
224 0.532678 0.714684 1 
226 0.37204 0.875059 1 
228 0.959195 0.189592 1 
230 0.72794 0.482383 1 
232 0.862126 0.748257 1 
234 0.367062 0.217722 1 
236 0.939094 0.347834 1 
238 0.114385 0.475082 1 
239 0.696686 0.202689 1 
