15 0.0335754 0.30129 1 
33 0.296533 0.82998 1 
1291 0.830433 0.0800082 1 
1466 0.133889 0.276234 1 
632 0.334123 0.600388 1 
61 0.431272 0.386325 1 
64 0.737779 0.858324 1 
1025 0.834803 0.526625 1 
259 0.514997 0.556584 1 
1028 0.590311 0.358244 1 
257 0.217993 0.812987 1 
71 0.752985 0.41157 1 
79 0.155819 0.843027 1 
87 0.491801 0.694037 1 
91 0.896963 0.258836 1 
95 0.0821229 0.239934 1 
99 0.557518 0.200863 1 
103 0.707131 0.751822 1 
107 0.0757062 0.394561 1 
109 0.403085 0.655763 1 
113 0.205181 0.479241 1 
115 0.116522 0.382331 1 
117 0.604435 0.744514 1 
119 0.439663 0.41591 1 
121 0.851943 0.598193 1 
123 0.243209 0.621839 1 
125 0.268837 0.336586 1 
127 0.395284 0.533673 1 
513 0.881127 0.0978385 1 
1290 0.339766 0.445043 1 
1463 0.225006 0.680119 1 
