417 0.153385 0.947696 1 
432 0.135362 0.0318229 1 
445 0.672188 0.463656 1 
453 0.162768 0.647159 1 
461 0.0670186 0.380839 1 
469 0.420338 0.621977 1 
474 0.804245 0.941976 1 
478 0.0959836 0.195799 1 
482 0.397244 0.48246 1 
486 0.579151 0.783918 1 
490 0.933456 0.589496 1 
494 0.479615 0.894006 1 
498 0.608054 0.55502 1 
502 0.437638 0.386019 1 
504 0.00277526 0.64383 1 
506 0.815741 0.164546 1 
508 0.305533 0.0983972 1 
510 0.276742 0.198721 1 
512 0.103245 0.233705 1 
1158 0.221749 0.92821 1 
1224 0.745576 0.895953 1 
1029 0.00259069 0.541794 1 
1159 0.418199 0.67807 1 
1380 0.682184 0.458464 1 
1257 0.841707 0.567529 1 
1031 0.625403 0.140627 1 
1160 0.315685 0.714523 1 
1379 0.504285 0.51917 1 
1225 0.274675 0.46664 1 
1336 0.723244 0.558583 1 
1032 0.521238 0.452105 1 
