1379 0.504285 0.51917 1 
1336 0.723244 0.558583 1 
1289 0.295595 0.0680871 1 
1378 0.719719 0.317695 1 
1462 0.484281 0.308278 1 
1335 0.223046 0.737295 1 
1461 0.461757 0.753167 1 
1377 0.410869 0.480021 1 
1460 0.432572 0.234097 1 
1459 0.0691665 0.481313 1 
1376 0.918378 0.17983 1 
1458 0.451946 0.848163 1 
1457 0.216617 0.674389 1 
1375 0.559565 0.610396 1 
1228 0.673183 0.182753 1 
1456 0.719998 0.0110202 1 
1455 0.413981 0.785846 1 
1259 0.182463 0.654704 1 
1313 0.147853 0.965796 1 
1168 0.890212 0.789293 1 
1374 0.344271 0.160681 1 
1454 0.283361 0.44829 1 
1333 0.213856 0.280971 1 
1453 0.535332 0.317742 1 
1373 0.772868 0.586205 1 
1282 0.368702 0.780903 1 
1452 0.144833 0.200663 1 
1451 0.582736 0.0417174 1 
1372 0.194288 0.390122 1 
1450 0.781526 0.11463 1 
1449 0.0735269 0.767286 1 
