1613 0.491132 0.45811 1 
1645 0.797684 0.667792 1 
1660 0.277936 0.275424 1 
1675 0.661355 0.391259 1 
1683 0.345125 0.523915 1 
1691 0.0243111 0.597184 1 
1706 0.16545 0.710242 1 
1710 0.842804 0.00187683 1 
1713 0.367373 0.43172 1 
1717 0.898546 0.854318 1 
1721 0.695473 0.813988 1 
1725 0.927807 0.655191 1 
1727 0.917374 0.298563 1 
1730 0.451273 0.5522 1 
1734 0.782266 0.540509 1 
1738 0.721144 0.276059 1 
1740 0.977432 0.705251 1 
1742 0.270703 0.698366 1 
1744 0.452027 0.210827 1 
1746 0.924341 0.403337 1 
1750 0.38831 0.319557 1 
1752 0.293951 0.437795 1 
1754 0.818189 0.297376 1 
1758 0.560975 0.298577 1 
1760 0.186264 0.536238 1 
1762 0.846936 0.460865 1 
1764 0.210517 0.16541 1 
1766 0.882197 0.0807142 1 
1768 0.323282 0.397049 1 
1769 0.206616 0.59803 1 
1770 0.0835465 0.16617 1 
