1463 0.225006 0.680119 1 
175 0.27043 0.109398 1 
635 0.513405 0.794565 1 
197 0.276742 0.203659 1 
212 0.123553 0.548798 1 
220 0.731081 0.281927 1 
228 0.959195 0.189592 1 
236 0.939094 0.347834 1 
241 0.0267157 0.0106301 1 
245 0.571323 0.219716 1 
249 0.46863 0.271231 1 
253 0.592079 0.0666484 1 
631 0.893685 0.16507 1 
260 0.515277 0.265578 1 
630 0.690221 0.546254 1 
629 0.399557 0.352037 1 
628 0.585524 0.904944 1 
627 0.0277508 0.408258 1 
626 0.375913 0.962339 1 
625 0.600163 0.936715 1 
624 0.875272 0.692664 1 
623 0.799102 0.504901 1 
622 0.306418 0.972975 1 
269 0.680216 0.391177 1 
621 0.530622 0.161499 1 
620 0.0273361 0.438242 1 
619 0.189773 0.507469 1 
618 0.805044 0.368191 1 
274 0.816239 0.523727 1 
617 0.109343 0.723258 1 
616 0.399699 0.749278 1 
