506 0.815741 0.164546 1 
1158 0.221749 0.92821 1 
1224 0.745576 0.895953 1 
1029 0.00259069 0.541794 1 
1159 0.418199 0.67807 1 
1380 0.682184 0.458464 1 
1257 0.841707 0.567529 1 
1031 0.625403 0.140627 1 
1379 0.504285 0.51917 1 
1225 0.274675 0.46664 1 
1336 0.723244 0.558583 1 
1033 0.52295 0.212869 1 
1161 0.984196 0.374006 1 
1289 0.295595 0.0680871 1 
1378 0.719719 0.317695 1 
1462 0.484281 0.308278 1 
1226 0.822205 0.800601 1 
1335 0.223046 0.737295 1 
1461 0.461757 0.753167 1 
1163 0.853785 0.558136 1 
1377 0.410869 0.480021 1 
1258 0.464687 0.998999 1 
1460 0.432572 0.234097 1 
1459 0.0691665 0.481313 1 
1376 0.918378 0.17983 1 
1041 0.316633 0.648838 1 
1458 0.451946 0.848163 1 
1274 0.289819 0.986383 1 
1303 0.925886 0.370134 1 
1457 0.216617 0.674389 1 
1166 0.94838 0.427754 1 
