1 0.131428 0.918483 1 
2 0.93595 0.517462 1 
4 0.294262 0.661309 1 
5 0.625379 0.741678 1 
6 0.382488 0.470806 1 
7 0.832475 0.402942 1 
8 0.245336 0.354247 1 
17 0.490619 0.832614 1 
9 0.832816 0.132744 1 
10 0.033102 0.344706 1 
11 0.474149 0.0187623 1 
12 0.337801 0.413906 1 
13 0.516339 0.106921 1 
14 0.0273123 0.0373674 1 
15 0.0335754 0.30129 1 
16 0.788011 0.102308 1 
33 0.296533 0.82998 1 
18 0.745609 0.45146 1 
19 0.69534 0.576804 1 
20 0.349919 0.0863456 1 
21 0.209678 0.049849 1 
23 0.0907609 0.41899 1 
24 0.963973 0.497156 1 
25 0.708585 0.192446 1 
26 0.446426 0.0860897 1 
27 0.909048 0.377575 1 
28 0.909349 0.4216 1 
29 0.829967 0.251307 1 
30 0.71214 0.940914 1 
31 0.937096 0.772662 1 
32 0.137335 0.192556 1 
