1830 0.0172252 0.50413 1 
1861 0.766273 0.746228 1 
1869 0.629765 0.460496 1 
1878 0.452615 0.0921195 1 
1893 0.184964 0.696019 1 
1901 0.141962 0.95274 1 
1908 0.267908 0.728207 1 
1916 0.905804 0.841133 1 
1924 0.208653 0.833324 1 
1928 0.315771 0.165923 1 
1932 0.0476661 0.12472 1 
1936 0.791066 0.44257 1 
1940 0.437021 0.0133644 1 
1944 0.499834 0.71096 1 
1948 0.714606 0.375982 1 
1952 0.155452 0.685318 1 
1955 0.085746 0.133157 1 
1957 0.78964 0.477688 1 
1959 0.064406 0.472403 1 
1961 0.832305 0.547241 1 
1963 0.655379 0.957623 1 
1967 0.831666 0.809501 1 
1971 0.961309 0.715282 1 
1973 0.166271 0.509462 1 
1975 0.950876 0.372522 1 
1977 0.745644 0.0457558 1 
1979 0.947686 0.766518 1 
1981 0.404197 0.33492 1 
1983 0.846186 0.850713 1 
1985 0.230607 0.81457 1 
1986 0.470818 0.0450155 1 
