1193 0.856075 0.0483762 1 
1194 0.0587668 0.692919 1 
1196 0.605926 0.791189 1 
1103 0.557771 0.455317 1 
915 0.436201 0.227833 1 
928 0.725375 0.383483 1 
1110 0.472712 0.871705 1 
1201 0.958726 0.306528 1 
936 0.124611 0.341446 1 
1115 0.800292 0.501533 1 
940 0.743975 0.989466 1 
1268 0.947188 0.394753 1 
944 0.333714 0.728124 1 
1119 0.781885 0.141952 1 
948 0.259831 0.985405 1 
1205 0.449248 0.519256 1 
1121 0.370931 0.233211 1 
951 0.938929 0.575327 1 
1122 0.573498 0.788027 1 
953 0.387851 0.615694 1 
955 0.412543 0.60595 1 
957 0.370734 0.91818 1 
1125 0.850619 0.353022 1 
959 0.0140837 0.705032 1 
1126 0.236097 0.0833856 1 
961 0.764766 0.415809 1 
963 0.230289 0.469739 1 
1128 0.673313 0.376429 1 
965 0.474661 0.620693 1 
966 0.994598 0.201109 1 
967 0.0417354 0.446492 1 
