306 0.0136568 0.5302 1 
316 0.840339 0.57919 1 
324 0.0653313 0.0239309 1 
568 0.611642 0.864262 1 
567 0.104151 0.461808 1 
566 0.419416 0.12424 1 
565 0.680735 0.111764 1 
329 0.110628 0.317166 1 
564 0.308142 0.938102 1 
562 0.943849 0.273925 1 
561 0.96356 0.552029 1 
333 0.105957 0.819363 1 
560 0.989674 0.456296 1 
559 0.767878 0.718034 1 
558 0.756958 0.196749 1 
336 0.546015 0.866071 1 
557 0.491267 0.72397 1 
556 0.799722 0.93101 1 
338 0.610848 0.519481 1 
554 0.291745 0.352708 1 
340 0.285198 0.317737 1 
553 0.354326 0.158642 1 
552 0.281391 0.338749 1 
342 0.472892 0.899571 1 
551 0.00883338 0.462562 1 
550 0.0386271 0.205689 1 
344 0.729448 0.830851 1 
549 0.3361 0.832334 1 
345 0.107618 0.74003 1 
548 0.190697 0.0509512 1 
346 0.676507 0.0462181 1 
