1449 0.0735269 0.767286 1 
1448 0.0315821 0.800861 1 
1447 0.609936 0.200514 1 
1370 0.209047 0.450034 1 
1446 0.917221 0.736813 1 
1369 0.754347 0.313632 1 
1444 0.126155 0.294469 1 
1443 0.415089 0.40823 1 
835 0.734995 0.0544916 1 
1368 0.627576 0.669885 1 
1065 0.468681 0.114694 1 
1442 0.297355 0.651896 1 
838 0.756637 0.790419 1 
1066 0.665397 0.32164 1 
1441 0.288349 0.28597 1 
840 0.816944 0.372967 1 
1367 0.139786 0.376845 1 
1067 0.807078 0.566662 1 
842 0.0592721 0.185516 1 
1330 0.492978 0.4787 1 
1068 0.891119 0.0367823 1 
1440 0.899904 0.680448 1 
844 0.788979 0.372453 1 
846 0.00106313 0.86811 1 
847 0.320287 0.0649172 1 
1070 0.882283 0.527606 1 
848 0.0634398 0.232882 1 
1366 0.00215873 0.281796 1 
849 0.0547341 0.916718 1 
1071 0.479888 0.47485 1 
1438 0.937889 0.101267 1 
