362 0.955658 0.739192 1 
522 0.187917 0.316053 1 
521 0.43273 0.898208 1 
373 0.169325 0.853426 1 
520 0.742859 0.22523 1 
518 0.849078 0.446941 1 
761 0.420154 0.534021 1 
760 0.243247 0.250218 1 
759 0.788626 0.44239 1 
379 0.24609 0.0348124 1 
758 0.72422 0.972796 1 
757 0.909246 0.700347 1 
756 0.602196 0.112091 1 
517 0.936521 0.114884 1 
383 0.3912 0.905313 1 
755 0.699881 0.908526 1 
754 0.697824 0.327941 1 
753 0.52773 0.564152 1 
752 0.826515 0.236005 1 
387 0.11046 0.495768 1 
751 0.167645 0.604976 1 
750 0.256231 0.473741 1 
749 0.0300935 0.781594 1 
391 0.0543907 0.144356 1 
746 0.707084 0.95228 1 
393 0.855721 0.0962893 1 
395 0.667001 0.285799 1 
397 0.356034 0.86877 1 
399 0.77585 0.71745 1 
400 0.175501 0.648418 1 
401 0.956791 0.790398 1 
