4 0.294262 0.661309 1 
7 0.832475 0.402942 1 
11 0.474149 0.0187623 1 
15 0.0335754 0.30129 1 
33 0.296533 0.82998 1 
19 0.69534 0.576804 1 
23 0.0907609 0.41899 1 
30 0.71214 0.940914 1 
1291 0.830433 0.0800082 1 
1466 0.133889 0.276234 1 
632 0.334123 0.600388 1 
35 0.887669 0.0594928 1 
39 0.359364 0.832052 1 
42 0.0470139 0.163389 1 
46 0.30775 0.351226 1 
53 0.818072 0.343585 1 
57 0.415326 0.385231 1 
61 0.431272 0.386325 1 
64 0.737779 0.858324 1 
1025 0.834803 0.526625 1 
259 0.514997 0.556584 1 
1028 0.590311 0.358244 1 
257 0.217993 0.812987 1 
65 0.85478 0.285834 1 
67 0.685696 0.485606 1 
69 0.440523 0.875926 1 
71 0.752985 0.41157 1 
73 0.0518248 0.0198557 1 
75 0.996702 0.571994 1 
77 0.53189 0.477993 1 
79 0.155819 0.843027 1 
