1458 0.451946 0.848163 1 
1457 0.216617 0.674389 1 
1456 0.719998 0.0110202 1 
1455 0.413981 0.785846 1 
1313 0.147853 0.965796 1 
1374 0.344271 0.160681 1 
1454 0.283361 0.44829 1 
1333 0.213856 0.280971 1 
1453 0.535332 0.317742 1 
1373 0.772868 0.586205 1 
1282 0.368702 0.780903 1 
1452 0.144833 0.200663 1 
1451 0.582736 0.0417174 1 
1372 0.194288 0.390122 1 
1450 0.781526 0.11463 1 
1449 0.0735269 0.767286 1 
1371 0.714718 0.270911 1 
1448 0.0315821 0.800861 1 
1447 0.609936 0.200514 1 
1370 0.209047 0.450034 1 
1446 0.917221 0.736813 1 
1331 0.508233 0.865736 1 
1445 0.145171 0.882544 1 
828 0.494317 0.980599 1 
1369 0.754347 0.313632 1 
1312 0.501642 0.100979 1 
1062 0.949532 0.780033 1 
1444 0.126155 0.294469 1 
832 0.702298 0.517655 1 
1443 0.415089 0.40823 1 
834 0.991815 0.43284 1 
