300 0.874087 0.774147 1 
306 0.0136568 0.5302 1 
312 0.996151 0.30868 1 
580 0.652774 0.178792 1 
579 0.666512 0.0656068 1 
578 0.104154 0.52143 1 
316 0.840339 0.57919 1 
577 0.00367278 0.728453 1 
576 0.124663 0.216755 1 
575 0.186139 0.441252 1 
574 0.182543 0.997334 1 
320 0.196427 0.353854 1 
573 0.619114 0.452382 1 
572 0.095948 0.597645 1 
571 0.605167 0.0456415 1 
570 0.918391 0.398084 1 
324 0.0653313 0.0239309 1 
569 0.656069 0.557977 1 
568 0.611642 0.864262 1 
567 0.104151 0.461808 1 
327 0.266581 0.424526 1 
566 0.419416 0.12424 1 
565 0.680735 0.111764 1 
329 0.110628 0.317166 1 
564 0.308142 0.938102 1 
331 0.859065 0.313092 1 
562 0.943849 0.273925 1 
561 0.96356 0.552029 1 
333 0.105957 0.819363 1 
560 0.989674 0.456296 1 
559 0.767878 0.718034 1 
