1290 0.339766 0.445043 1 
1463 0.225006 0.680119 1 
764 0.443401 0.242097 1 
159 0.942093 0.756179 1 
175 0.27043 0.109398 1 
635 0.513405 0.794565 1 
189 0.539893 0.97569 1 
197 0.276742 0.203659 1 
205 0.0898996 0.942203 1 
212 0.123553 0.548798 1 
216 0.0827582 0.91662 1 
220 0.731081 0.281927 1 
224 0.532678 0.714684 1 
228 0.959195 0.189592 1 
232 0.862126 0.748257 1 
236 0.939094 0.347834 1 
239 0.696686 0.202689 1 
241 0.0267157 0.0106301 1 
243 0.0887976 0.421632 1 
245 0.571323 0.219716 1 
247 0.103677 0.495104 1 
249 0.46863 0.271231 1 
251 0.165061 0.175952 1 
253 0.592079 0.0666484 1 
255 0.938637 0.677569 1 
1464 0.764936 0.281215 1 
631 0.893685 0.16507 1 
260 0.515277 0.265578 1 
630 0.690221 0.546254 1 
629 0.399557 0.352037 1 
628 0.585524 0.904944 1 
