1015 0.991672 0.0366558 1 
1613 0.491132 0.45811 1 
1641 0.0542453 0.701409 1 
1645 0.797684 0.667792 1 
1652 0.926587 0.145549 1 
1660 0.277936 0.275424 1 
1668 0.685833 0.800537 1 
1675 0.661355 0.391259 1 
1679 0.376575 0.0997944 1 
1683 0.345125 0.523915 1 
1687 0.687246 0.536357 1 
1691 0.0243111 0.597184 1 
1695 0.174135 0.686891 1 
1703 0.420682 0.401117 1 
1706 0.16545 0.710242 1 
1708 0.797773 0.162534 1 
1710 0.842804 0.00187683 1 
1711 0.543947 0.108977 1 
1713 0.367373 0.43172 1 
1715 0.784832 0.676303 1 
1717 0.898546 0.854318 1 
1719 0.458042 0.308578 1 
1721 0.695473 0.813988 1 
1723 0.267188 0.630198 1 
1725 0.927807 0.655191 1 
1727 0.917374 0.298563 1 
1728 0.953365 0.20139 1 
1730 0.451273 0.5522 1 
1732 0.0655139 0.0922276 1 
1734 0.782266 0.540509 1 
1736 0.207387 0.546898 1 
