373 0.169325 0.853426 1 
520 0.742859 0.22523 1 
518 0.849078 0.446941 1 
757 0.909246 0.700347 1 
756 0.602196 0.112091 1 
517 0.936521 0.114884 1 
383 0.3912 0.905313 1 
755 0.699881 0.908526 1 
754 0.697824 0.327941 1 
753 0.52773 0.564152 1 
752 0.826515 0.236005 1 
751 0.167645 0.604976 1 
750 0.256231 0.473741 1 
391 0.0543907 0.144356 1 
395 0.667001 0.285799 1 
399 0.77585 0.71745 1 
401 0.956791 0.790398 1 
403 0.47651 0.698267 1 
405 0.677588 0.214187 1 
407 0.855345 0.775768 1 
409 0.0310105 0.194236 1 
413 0.749683 0.920687 1 
414 0.981044 0.406187 1 
415 0.788555 0.245863 1 
416 0.220044 0.28614 1 
417 0.153385 0.947696 1 
419 0.677501 0.756581 1 
421 0.478825 0.607171 1 
422 0.722062 0.700674 1 
423 0.229547 0.993723 1 
424 0.507234 0.080639 1 
