1110 0.472712 0.871705 1 
1201 0.958726 0.306528 1 
940 0.743975 0.989466 1 
1268 0.947188 0.394753 1 
1119 0.781885 0.141952 1 
953 0.387851 0.615694 1 
1125 0.850619 0.353022 1 
961 0.764766 0.415809 1 
1128 0.673313 0.376429 1 
967 0.0417354 0.446492 1 
1287 0.851862 0.241766 1 
1210 0.085824 0.444676 1 
971 0.947493 0.520665 1 
1133 0.375371 0.865906 1 
975 0.245565 0.214432 1 
979 0.424372 0.421564 1 
1213 0.0195272 0.192847 1 
1137 0.807099 0.919678 1 
983 0.754969 0.770718 1 
985 0.208736 0.22367 1 
987 0.68134 0.289417 1 
1140 0.255341 0.522065 1 
989 0.953858 0.493123 1 
991 0.378691 0.662315 1 
1142 0.0655353 0.452006 1 
993 0.757312 0.141652 1 
995 0.171233 0.917067 1 
1253 0.312688 0.34502 1 
997 0.903918 0.144502 1 
999 0.464948 0.384044 1 
1000 0.621319 0.516282 1 
