1268 0.947188 0.394753 1 
1125 0.850619 0.353022 1 
967 0.0417354 0.446492 1 
1213 0.0195272 0.192847 1 
983 0.754969 0.770718 1 
991 0.378691 0.662315 1 
1142 0.0655353 0.452006 1 
999 0.464948 0.384044 1 
1003 0.908419 0.792974 1 
1007 0.285791 0.29311 1 
1151 0.0346885 0.00904435 1 
1011 0.514598 0.840284 1 
1015 0.991672 0.0366558 1 
1018 0.25375 0.783251 1 
1020 0.513868 0.587085 1 
1022 0.587056 0.641983 1 
1024 0.0250018 0.204786 1 
1613 0.491132 0.45811 1 
1616 0.801885 0.287188 1 
1625 0.403862 0.704504 1 
1627 0.602878 0.575843 1 
1628 0.199807 0.152085 1 
1629 0.0914566 0.111468 1 
1632 0.186413 0.0370449 1 
1633 0.613079 0.0184492 1 
1635 0.0985907 0.0139184 1 
1636 0.926687 0.821746 1 
1638 0.112062 0.42355 1 
1640 0.604259 0.78664 1 
1641 0.0542453 0.701409 1 
1643 0.427592 0.532502 1 
