1645 0.797684 0.667792 1 
1675 0.661355 0.391259 1 
1691 0.0243111 0.597184 1 
1706 0.16545 0.710242 1 
1713 0.367373 0.43172 1 
1721 0.695473 0.813988 1 
1725 0.927807 0.655191 1 
1730 0.451273 0.5522 1 
1738 0.721144 0.276059 1 
1742 0.270703 0.698366 1 
1746 0.924341 0.403337 1 
1750 0.38831 0.319557 1 
1754 0.818189 0.297376 1 
1758 0.560975 0.298577 1 
1762 0.846936 0.460865 1 
1766 0.882197 0.0807142 1 
1769 0.206616 0.59803 1 
1771 0.822175 0.29195 1 
1773 0.0838088 0.574459 1 
1775 0.533621 0.575847 1 
1777 0.94755 0.474183 1 
1778 0.588882 0.339516 1 
1780 0.0690979 0.3282 1 
1782 0.32727 0.426709 1 
1784 0.334217 0.185573 1 
1785 0.917727 0.235624 1 
1787 0.38284 0.399312 1 
1789 0.554868 0.667656 1 
1791 0.771589 0.0893129 1 
1793 0.317308 0.987447 1 
1795 0.0425644 0.380403 1 
