1291 0.830433 0.0800082 1 
1466 0.133889 0.276234 1 
632 0.334123 0.600388 1 
64 0.737779 0.858324 1 
1025 0.834803 0.526625 1 
257 0.217993 0.812987 1 
91 0.896963 0.258836 1 
107 0.0757062 0.394561 1 
115 0.116522 0.382331 1 
123 0.243209 0.621839 1 
513 0.881127 0.0978385 1 
1290 0.339766 0.445043 1 
1463 0.225006 0.680119 1 
1027 0.120345 0.643577 1 
766 0.244608 0.129286 1 
131 0.808212 0.614941 1 
133 0.951778 0.534579 1 
764 0.443401 0.242097 1 
136 0.524793 0.190116 1 
140 0.683828 0.0886624 1 
148 0.617202 0.312833 1 
151 0.460946 0.113058 1 
153 0.429085 0.628068 1 
155 0.791701 0.125243 1 
157 0.0406348 0.949909 1 
159 0.942093 0.756179 1 
161 0.478182 0.811892 1 
163 0.546029 0.103101 1 
164 0.81045 0.230397 1 
166 0.313735 0.938322 1 
167 0.382013 0.488684 1 
