1201 0.958726 0.306528 1 
1268 0.947188 0.394753 1 
1119 0.781885 0.141952 1 
953 0.387851 0.615694 1 
1125 0.850619 0.353022 1 
967 0.0417354 0.446492 1 
1287 0.851862 0.241766 1 
1133 0.375371 0.865906 1 
975 0.245565 0.214432 1 
1213 0.0195272 0.192847 1 
1137 0.807099 0.919678 1 
983 0.754969 0.770718 1 
987 0.68134 0.289417 1 
991 0.378691 0.662315 1 
1142 0.0655353 0.452006 1 
995 0.171233 0.917067 1 
1253 0.312688 0.34502 1 
999 0.464948 0.384044 1 
1001 0.156573 0.525236 1 
1003 0.908419 0.792974 1 
1148 0.291768 0.753019 1 
1005 0.54935 0.921948 1 
1007 0.285791 0.29311 1 
1009 0.0512899 0.0288679 1 
1151 0.0346885 0.00904435 1 
1011 0.514598 0.840284 1 
1013 0.993099 0.0118927 1 
1153 0.374812 0.465795 1 
1015 0.991672 0.0366558 1 
1017 0.846739 0.143705 1 
1018 0.25375 0.783251 1 
