197 0.276742 0.203659 1 
220 0.731081 0.281927 1 
236 0.939094 0.347834 1 
245 0.571323 0.219716 1 
253 0.592079 0.0666484 1 
628 0.585524 0.904944 1 
627 0.0277508 0.408258 1 
626 0.375913 0.962339 1 
625 0.600163 0.936715 1 
624 0.875272 0.692664 1 
623 0.799102 0.504901 1 
622 0.306418 0.972975 1 
269 0.680216 0.391177 1 
621 0.530622 0.161499 1 
620 0.0273361 0.438242 1 
619 0.189773 0.507469 1 
618 0.805044 0.368191 1 
617 0.109343 0.723258 1 
616 0.399699 0.749278 1 
615 0.688388 0.731029 1 
277 0.470789 0.553128 1 
614 0.481099 0.833444 1 
613 0.315562 0.658504 1 
612 0.655978 0.0263173 1 
611 0.117814 0.102853 1 
281 0.626367 0.347535 1 
610 0.668864 0.603149 1 
609 0.374852 0.131592 1 
608 0.156341 0.62732 1 
607 0.386806 0.0559979 1 
285 0.448367 0.69861 1 
