245 0.571323 0.219716 1 
281 0.626367 0.347535 1 
596 0.0412155 0.70868 1 
595 0.117702 0.218185 1 
594 0.0110956 0.483377 1 
593 0.866529 0.749748 1 
300 0.874087 0.774147 1 
592 0.504127 0.867071 1 
591 0.796202 0.767329 1 
590 0.731729 0.164979 1 
303 0.512668 0.413672 1 
589 0.938677 0.345495 1 
304 0.580129 0.228677 1 
588 0.207838 0.136606 1 
587 0.769446 0.0771826 1 
306 0.0136568 0.5302 1 
586 0.442212 0.25726 1 
585 0.552881 0.268069 1 
308 0.797675 0.518144 1 
584 0.533037 0.746389 1 
583 0.586429 0.116471 1 
310 0.322235 0.810391 1 
582 0.19658 0.925661 1 
311 0.248266 0.611709 1 
581 0.949472 0.783971 1 
312 0.996151 0.30868 1 
580 0.652774 0.178792 1 
313 0.977699 0.19372 1 
579 0.666512 0.0656068 1 
314 0.859795 0.57749 1 
578 0.104154 0.52143 1 
