983 0.754969 0.770718 1 
999 0.464948 0.384044 1 
1007 0.285791 0.29311 1 
1151 0.0346885 0.00904435 1 
1015 0.991672 0.0366558 1 
1020 0.513868 0.587085 1 
1024 0.0250018 0.204786 1 
1613 0.491132 0.45811 1 
1628 0.199807 0.152085 1 
1632 0.186413 0.0370449 1 
1636 0.926687 0.821746 1 
1640 0.604259 0.78664 1 
1641 0.0542453 0.701409 1 
1643 0.427592 0.532502 1 
1644 0.757443 0.35246 1 
1645 0.797684 0.667792 1 
1646 0.577799 0.0718255 1 
1648 0.966868 0.151816 1 
1650 0.240563 0.136944 1 
1652 0.926587 0.145549 1 
1654 0.637357 0.0660112 1 
1656 0.111253 0.837512 1 
1658 0.622099 0.623432 1 
1660 0.277936 0.275424 1 
1662 0.775263 0.848218 1 
1664 0.591483 0.0503749 1 
1666 0.45465 0.306689 1 
1668 0.685833 0.800537 1 
1670 0.728444 0.966011 1 
1672 0.432128 0.778267 1 
1674 0.142853 0.935721 1 
