1327 0.477162 0.656498 1 
1264 0.230827 0.517209 1 
1087 0.649152 0.297989 1 
1239 0.48933 0.167753 1 
889 0.54337 0.420762 1 
1092 0.139781 0.301915 1 
901 0.512984 0.713439 1 
1193 0.856075 0.0483762 1 
1357 0.0815791 0.0993531 1 
1194 0.0587668 0.692919 1 
909 0.268787 0.497826 1 
1195 0.889381 0.826894 1 
1196 0.605926 0.791189 1 
1103 0.557771 0.455317 1 
915 0.436201 0.227833 1 
1197 0.513913 0.333447 1 
919 0.931383 0.756495 1 
1198 0.246307 0.67643 1 
923 0.670361 0.756732 1 
1199 0.756886 0.989579 1 
926 0.849339 0.843921 1 
928 0.725375 0.383483 1 
1110 0.472712 0.871705 1 
930 0.247689 0.905595 1 
932 0.79844 0.388459 1 
1201 0.958726 0.306528 1 
934 0.749831 0.409738 1 
936 0.124611 0.341446 1 
1114 0.494845 0.852728 1 
937 0.685909 0.0736131 1 
1202 0.822824 0.202245 1 
