2 0.93595 0.517462 1 
4 0.294262 0.661309 1 
5 0.625379 0.741678 1 
7 0.832475 0.402942 1 
17 0.490619 0.832614 1 
9 0.832816 0.132744 1 
11 0.474149 0.0187623 1 
13 0.516339 0.106921 1 
15 0.0335754 0.30129 1 
33 0.296533 0.82998 1 
19 0.69534 0.576804 1 
21 0.209678 0.049849 1 
23 0.0907609 0.41899 1 
26 0.446426 0.0860897 1 
28 0.909349 0.4216 1 
30 0.71214 0.940914 1 
32 0.137335 0.192556 1 
1291 0.830433 0.0800082 1 
1466 0.133889 0.276234 1 
632 0.334123 0.600388 1 
35 0.887669 0.0594928 1 
37 0.306702 0.733357 1 
39 0.359364 0.832052 1 
41 0.161083 0.321892 1 
42 0.0470139 0.163389 1 
44 0.851213 0.338091 1 
46 0.30775 0.351226 1 
48 0.543486 0.365286 1 
51 0.81283 0.238507 1 
53 0.818072 0.343585 1 
55 0.625446 0.8719 1 
