1068 0.891119 0.0367823 1 
1440 0.899904 0.680448 1 
848 0.0634398 0.232882 1 
1072 0.807771 0.207299 1 
1437 0.454008 0.515198 1 
1276 0.163946 0.447865 1 
1302 0.676916 0.93538 1 
856 0.173 0.616275 1 
1364 0.982822 0.286115 1 
861 0.704506 0.626862 1 
1078 0.721805 0.372567 1 
865 0.306109 0.768604 1 
1079 0.728099 0.160864 1 
1237 0.0593917 0.196681 1 
1328 0.768528 0.655674 1 
869 0.595354 0.117682 1 
872 0.67207 0.487427 1 
1083 0.670034 0.261063 1 
874 0.761517 0.809047 1 
1327 0.477162 0.656498 1 
1084 0.683334 0.793298 1 
876 0.296472 0.812255 1 
1361 0.198528 0.663262 1 
878 0.941814 0.0734742 1 
1264 0.230827 0.517209 1 
880 0.0966495 0.387335 1 
1087 0.649152 0.297989 1 
882 0.493173 0.760375 1 
1239 0.48933 0.167753 1 
884 0.00734208 0.398286 1 
1089 0.549907 0.281237 1 
