1333 0.213856 0.280971 1 
1453 0.535332 0.317742 1 
1452 0.144833 0.200663 1 
1451 0.582736 0.0417174 1 
1372 0.194288 0.390122 1 
1450 0.781526 0.11463 1 
1449 0.0735269 0.767286 1 
1371 0.714718 0.270911 1 
1448 0.0315821 0.800861 1 
1447 0.609936 0.200514 1 
1370 0.209047 0.450034 1 
1446 0.917221 0.736813 1 
1331 0.508233 0.865736 1 
1445 0.145171 0.882544 1 
1369 0.754347 0.313632 1 
1312 0.501642 0.100979 1 
1062 0.949532 0.780033 1 
1444 0.126155 0.294469 1 
832 0.702298 0.517655 1 
1443 0.415089 0.40823 1 
835 0.734995 0.0544916 1 
1368 0.627576 0.669885 1 
837 0.54991 0.339308 1 
1065 0.468681 0.114694 1 
1442 0.297355 0.651896 1 
838 0.756637 0.790419 1 
839 0.568433 0.651146 1 
1066 0.665397 0.32164 1 
1441 0.288349 0.28597 1 
840 0.816944 0.372967 1 
1367 0.139786 0.376845 1 
