999 0.464948 0.384044 1 
1015 0.991672 0.0366558 1 
1024 0.0250018 0.204786 1 
1613 0.491132 0.45811 1 
1636 0.926687 0.821746 1 
1641 0.0542453 0.701409 1 
1643 0.427592 0.532502 1 
1645 0.797684 0.667792 1 
1648 0.966868 0.151816 1 
1652 0.926587 0.145549 1 
1656 0.111253 0.837512 1 
1660 0.277936 0.275424 1 
1664 0.591483 0.0503749 1 
1668 0.685833 0.800537 1 
1672 0.432128 0.778267 1 
1675 0.661355 0.391259 1 
1677 0.514066 0.901561 1 
1679 0.376575 0.0997944 1 
1683 0.345125 0.523915 1 
1685 0.151889 0.79355 1 
1687 0.687246 0.536357 1 
1689 0.307192 0.976402 1 
1691 0.0243111 0.597184 1 
1693 0.635477 0.468376 1 
1695 0.174135 0.686891 1 
1697 0.734745 0.865255 1 
1701 0.293705 0.305401 1 
1703 0.420682 0.401117 1 
1705 0.281391 0.334632 1 
1706 0.16545 0.710242 1 
1707 0.0417753 0.117142 1 
