1302 0.676916 0.93538 1 
1364 0.982822 0.286115 1 
1078 0.721805 0.372567 1 
865 0.306109 0.768604 1 
1237 0.0593917 0.196681 1 
1083 0.670034 0.261063 1 
1327 0.477162 0.656498 1 
876 0.296472 0.812255 1 
1361 0.198528 0.663262 1 
1264 0.230827 0.517209 1 
1087 0.649152 0.297989 1 
1239 0.48933 0.167753 1 
884 0.00734208 0.398286 1 
1090 0.746249 0.198928 1 
889 0.54337 0.420762 1 
1092 0.139781 0.301915 1 
893 0.225009 0.731296 1 
897 0.766913 0.512926 1 
899 0.0907022 0.431122 1 
901 0.512984 0.713439 1 
1193 0.856075 0.0483762 1 
1357 0.0815791 0.0993531 1 
1097 0.444502 0.741232 1 
903 0.567891 0.547341 1 
905 0.537235 0.312424 1 
1194 0.0587668 0.692919 1 
907 0.589593 0.283956 1 
909 0.268787 0.497826 1 
1195 0.889381 0.826894 1 
911 0.401995 0.336072 1 
1102 0.463287 0.469302 1 
