1706 0.16545 0.710242 1 
1730 0.451273 0.5522 1 
1750 0.38831 0.319557 1 
1766 0.882197 0.0807142 1 
1775 0.533621 0.575847 1 
1782 0.32727 0.426709 1 
1789 0.554868 0.667656 1 
1797 0.0503003 0.397904 1 
1803 0.875775 0.154855 1 
1807 0.950856 0.0300875 1 
1811 0.900865 0.831577 1 
1815 0.343927 0.380563 1 
1819 0.256264 0.0329431 1 
1823 0.260709 0.735434 1 
1827 0.332734 0.267438 1 
1830 0.0172252 0.50413 1 
1832 0.818962 0.2917 1 
1834 0.700616 0.246805 1 
1836 0.300874 0.782894 1 
1838 0.693634 0.905487 1 
1840 0.850136 0.233132 1 
1842 0.115368 0.983438 1 
1844 0.785742 0.969365 1 
1848 0.305985 0.695329 1 
1850 0.621398 0.831801 1 
1851 0.0803066 0.712633 1 
1853 0.32013 0.428425 1 
1855 0.208843 0.019149 1 
1857 0.442706 0.552421 1 
1859 0.0240137 0.598772 1 
1861 0.766273 0.746228 1 
