115 0.116522 0.382331 1 
513 0.881127 0.0978385 1 
1290 0.339766 0.445043 1 
1463 0.225006 0.680119 1 
766 0.244608 0.129286 1 
764 0.443401 0.242097 1 
136 0.524793 0.190116 1 
151 0.460946 0.113058 1 
159 0.942093 0.756179 1 
163 0.546029 0.103101 1 
167 0.382013 0.488684 1 
171 0.229503 0.261097 1 
175 0.27043 0.109398 1 
635 0.513405 0.794565 1 
179 0.6342 0.993664 1 
183 0.269048 0.891651 1 
187 0.170815 0.879627 1 
189 0.539893 0.97569 1 
191 0.0269991 0.773101 1 
193 0.0324752 0.809873 1 
195 0.613373 0.95141 1 
197 0.276742 0.203659 1 
199 0.511478 0.409832 1 
201 0.736067 0.071185 1 
203 0.0861045 0.158193 1 
205 0.0898996 0.942203 1 
207 0.92031 0.658879 1 
209 0.293345 0.247361 1 
211 0.992816 0.257162 1 
212 0.123553 0.548798 1 
213 0.652975 0.555212 1 
