752 0.826515 0.236005 1 
751 0.167645 0.604976 1 
395 0.667001 0.285799 1 
405 0.677588 0.214187 1 
413 0.749683 0.920687 1 
417 0.153385 0.947696 1 
421 0.478825 0.607171 1 
424 0.507234 0.080639 1 
428 0.247749 0.925144 1 
432 0.135362 0.0318229 1 
435 0.42932 0.574272 1 
438 0.349099 0.304845 1 
515 0.614307 0.665397 1 
442 0.0108515 0.38034 1 
445 0.672188 0.463656 1 
447 0.0476784 0.331399 1 
449 0.747264 0.268396 1 
451 0.250509 0.302056 1 
453 0.162768 0.647159 1 
455 0.759727 0.726299 1 
457 0.596189 0.153641 1 
459 0.466787 0.286204 1 
461 0.0670186 0.380839 1 
463 0.840438 0.234639 1 
465 0.95372 0.169216 1 
467 0.0190687 0.488209 1 
469 0.420338 0.621977 1 
471 0.309626 0.88395 1 
472 0.54204 0.0717818 1 
473 0.43641 0.74444 1 
474 0.804245 0.941976 1 
