405 0.677588 0.214187 1 
417 0.153385 0.947696 1 
424 0.507234 0.080639 1 
432 0.135362 0.0318229 1 
438 0.349099 0.304845 1 
515 0.614307 0.665397 1 
445 0.672188 0.463656 1 
449 0.747264 0.268396 1 
453 0.162768 0.647159 1 
457 0.596189 0.153641 1 
461 0.0670186 0.380839 1 
465 0.95372 0.169216 1 
469 0.420338 0.621977 1 
472 0.54204 0.0717818 1 
474 0.804245 0.941976 1 
476 0.13952 0.914789 1 
478 0.0959836 0.195799 1 
480 0.894825 0.331755 1 
482 0.397244 0.48246 1 
484 0.0586387 0.540902 1 
486 0.579151 0.783918 1 
488 0.815109 0.543717 1 
490 0.933456 0.589496 1 
492 0.160663 0.256105 1 
494 0.479615 0.894006 1 
496 0.0171634 0.465445 1 
498 0.608054 0.55502 1 
500 0.490852 0.745008 1 
502 0.437638 0.386019 1 
503 0.828205 0.642947 1 
504 0.00277526 0.64383 1 
