1797 0.0503003 0.397904 1 
1830 0.0172252 0.50413 1 
1861 0.766273 0.746228 1 
1869 0.629765 0.460496 1 
1873 0.435172 0.937388 1 
1878 0.452615 0.0921195 1 
1886 0.688849 0.488753 1 
1893 0.184964 0.696019 1 
1897 0.404813 0.691061 1 
1901 0.141962 0.95274 1 
1905 0.302096 0.321283 1 
1908 0.267908 0.728207 1 
1912 0.675573 0.362002 1 
1916 0.905804 0.841133 1 
1920 0.00373081 0.70365 1 
1924 0.208653 0.833324 1 
1926 0.944054 0.722458 1 
1928 0.315771 0.165923 1 
1930 0.57961 0.499544 1 
1932 0.0476661 0.12472 1 
1934 0.71458 0.95119 1 
1936 0.791066 0.44257 1 
1938 0.415215 0.514298 1 
1940 0.437021 0.0133644 1 
1942 0.426381 0.184028 1 
1944 0.499834 0.71096 1 
1946 0.375062 0.669823 1 
1948 0.714606 0.375982 1 
1950 0.944276 0.449915 1 
1952 0.155452 0.685318 1 
1954 0.799448 0.319455 1 
