1730 0.451273 0.5522 1 
1766 0.882197 0.0807142 1 
1782 0.32727 0.426709 1 
1797 0.0503003 0.397904 1 
1807 0.950856 0.0300875 1 
1815 0.343927 0.380563 1 
1823 0.260709 0.735434 1 
1830 0.0172252 0.50413 1 
1834 0.700616 0.246805 1 
1838 0.693634 0.905487 1 
1842 0.115368 0.983438 1 
1850 0.621398 0.831801 1 
1853 0.32013 0.428425 1 
1857 0.442706 0.552421 1 
1861 0.766273 0.746228 1 
1863 0.397466 0.20645 1 
1865 0.716311 0.0444111 1 
1867 0.0619192 0.675521 1 
1869 0.629765 0.460496 1 
1871 0.0576496 0.916324 1 
1873 0.435172 0.937388 1 
1875 0.355156 0.100849 1 
1878 0.452615 0.0921195 1 
1880 0.069503 0.137673 1 
1882 0.130252 0.15143 1 
1884 0.800693 0.250806 1 
1886 0.688849 0.488753 1 
1888 0.420959 0.0592313 1 
1890 0.584209 0.80453 1 
1892 0.10169 0.11056 1 
1893 0.184964 0.696019 1 
