316 0.840339 0.57919 1 
329 0.110628 0.317166 1 
558 0.756958 0.196749 1 
336 0.546015 0.866071 1 
557 0.491267 0.72397 1 
556 0.799722 0.93101 1 
554 0.291745 0.352708 1 
340 0.285198 0.317737 1 
553 0.354326 0.158642 1 
552 0.281391 0.338749 1 
551 0.00883338 0.462562 1 
550 0.0386271 0.205689 1 
344 0.729448 0.830851 1 
549 0.3361 0.832334 1 
548 0.190697 0.0509512 1 
346 0.676507 0.0462181 1 
547 0.748257 0.947117 1 
546 0.557702 0.303252 1 
348 0.0707502 0.0989517 1 
545 0.326459 0.80208 1 
544 0.163883 0.380575 1 
350 0.733431 0.782951 1 
543 0.0286515 0.545199 1 
542 0.160919 0.558222 1 
352 0.70437 0.342298 1 
541 0.605248 0.409363 1 
540 0.898044 0.425811 1 
354 0.844579 0.834627 1 
539 0.950923 0.164747 1 
538 0.628893 0.809838 1 
356 0.622066 0.0719621 1 
