220 0.731081 0.281927 1 
245 0.571323 0.219716 1 
269 0.680216 0.391177 1 
614 0.481099 0.833444 1 
613 0.315562 0.658504 1 
612 0.655978 0.0263173 1 
611 0.117814 0.102853 1 
281 0.626367 0.347535 1 
610 0.668864 0.603149 1 
609 0.374852 0.131592 1 
608 0.156341 0.62732 1 
607 0.386806 0.0559979 1 
606 0.569555 0.507609 1 
605 0.251405 0.363989 1 
604 0.227115 0.115384 1 
603 0.0862155 0.0242891 1 
289 0.381654 0.460517 1 
602 0.495108 0.271856 1 
601 0.452785 0.958261 1 
600 0.00342798 0.613997 1 
599 0.275919 0.363539 1 
598 0.919439 0.0194131 1 
596 0.0412155 0.70868 1 
595 0.117702 0.218185 1 
298 0.21021 0.991664 1 
594 0.0110956 0.483377 1 
593 0.866529 0.749748 1 
300 0.874087 0.774147 1 
592 0.504127 0.867071 1 
591 0.796202 0.767329 1 
302 0.940361 0.639228 1 
