1444 0.126155 0.294469 1 
1443 0.415089 0.40823 1 
1368 0.627576 0.669885 1 
1065 0.468681 0.114694 1 
1442 0.297355 0.651896 1 
838 0.756637 0.790419 1 
1367 0.139786 0.376845 1 
1067 0.807078 0.566662 1 
842 0.0592721 0.185516 1 
1330 0.492978 0.4787 1 
1068 0.891119 0.0367823 1 
1440 0.899904 0.680448 1 
846 0.00106313 0.86811 1 
848 0.0634398 0.232882 1 
1071 0.479888 0.47485 1 
1438 0.937889 0.101267 1 
850 0.274817 0.848791 1 
1072 0.807771 0.207299 1 
1437 0.454008 0.515198 1 
852 0.339495 0.897922 1 
1365 0.727631 0.292021 1 
854 0.971897 0.668558 1 
1276 0.163946 0.447865 1 
1302 0.676916 0.93538 1 
856 0.173 0.616275 1 
1075 0.236619 0.855024 1 
858 0.995836 0.011879 1 
859 0.6496 0.823317 1 
1076 0.384034 0.456332 1 
860 0.495661 0.571649 1 
1364 0.982822 0.286115 1 
