517 0.936521 0.114884 1 
383 0.3912 0.905313 1 
754 0.697824 0.327941 1 
753 0.52773 0.564152 1 
752 0.826515 0.236005 1 
751 0.167645 0.604976 1 
395 0.667001 0.285799 1 
401 0.956791 0.790398 1 
405 0.677588 0.214187 1 
409 0.0310105 0.194236 1 
413 0.749683 0.920687 1 
415 0.788555 0.245863 1 
417 0.153385 0.947696 1 
419 0.677501 0.756581 1 
421 0.478825 0.607171 1 
422 0.722062 0.700674 1 
424 0.507234 0.080639 1 
426 0.155672 0.378402 1 
428 0.247749 0.925144 1 
430 0.609776 0.509244 1 
432 0.135362 0.0318229 1 
433 0.848205 0.788363 1 
435 0.42932 0.574272 1 
436 0.788636 0.602243 1 
438 0.349099 0.304845 1 
515 0.614307 0.665397 1 
440 0.0427166 0.93738 1 
442 0.0108515 0.38034 1 
444 0.0403536 0.222328 1 
445 0.672188 0.463656 1 
446 0.660704 0.444282 1 
