1239 0.48933 0.167753 1 
1092 0.139781 0.301915 1 
901 0.512984 0.713439 1 
1193 0.856075 0.0483762 1 
1194 0.0587668 0.692919 1 
1195 0.889381 0.826894 1 
1196 0.605926 0.791189 1 
1103 0.557771 0.455317 1 
915 0.436201 0.227833 1 
1198 0.246307 0.67643 1 
923 0.670361 0.756732 1 
928 0.725375 0.383483 1 
1110 0.472712 0.871705 1 
932 0.79844 0.388459 1 
1201 0.958726 0.306528 1 
936 0.124611 0.341446 1 
1114 0.494845 0.852728 1 
1202 0.822824 0.202245 1 
938 0.21475 0.30083 1 
1115 0.800292 0.501533 1 
940 0.743975 0.989466 1 
942 0.150112 0.930387 1 
1268 0.947188 0.394753 1 
944 0.333714 0.728124 1 
946 0.739526 0.208391 1 
1119 0.781885 0.141952 1 
948 0.259831 0.985405 1 
1205 0.449248 0.519256 1 
950 0.781066 0.380909 1 
1121 0.370931 0.233211 1 
951 0.938929 0.575327 1 
