329 0.110628 0.317166 1 
340 0.285198 0.317737 1 
346 0.676507 0.0462181 1 
547 0.748257 0.947117 1 
546 0.557702 0.303252 1 
545 0.326459 0.80208 1 
544 0.163883 0.380575 1 
350 0.733431 0.782951 1 
543 0.0286515 0.545199 1 
542 0.160919 0.558222 1 
541 0.605248 0.409363 1 
540 0.898044 0.425811 1 
354 0.844579 0.834627 1 
539 0.950923 0.164747 1 
538 0.628893 0.809838 1 
537 0.0664615 0.0184821 1 
358 0.413691 0.897574 1 
535 0.683783 0.333676 1 
534 0.0962479 0.639298 1 
360 0.930718 0.585573 1 
533 0.866289 0.72042 1 
532 0.608252 0.894798 1 
362 0.955658 0.739192 1 
531 0.0340454 0.201619 1 
530 0.105028 0.203072 1 
364 0.189927 0.107639 1 
529 0.787742 0.57203 1 
528 0.0860975 0.0412202 1 
366 0.781251 0.486318 1 
527 0.505774 0.541982 1 
526 0.706012 0.947373 1 
