1364 0.982822 0.286115 1 
1237 0.0593917 0.196681 1 
1083 0.670034 0.261063 1 
1327 0.477162 0.656498 1 
876 0.296472 0.812255 1 
1361 0.198528 0.663262 1 
1264 0.230827 0.517209 1 
1087 0.649152 0.297989 1 
1239 0.48933 0.167753 1 
889 0.54337 0.420762 1 
1092 0.139781 0.301915 1 
897 0.766913 0.512926 1 
901 0.512984 0.713439 1 
1193 0.856075 0.0483762 1 
1357 0.0815791 0.0993531 1 
1097 0.444502 0.741232 1 
905 0.537235 0.312424 1 
1194 0.0587668 0.692919 1 
909 0.268787 0.497826 1 
1195 0.889381 0.826894 1 
913 0.693523 0.046537 1 
1196 0.605926 0.791189 1 
1103 0.557771 0.455317 1 
915 0.436201 0.227833 1 
917 0.452358 0.783938 1 
1197 0.513913 0.333447 1 
919 0.931383 0.756495 1 
921 0.469558 0.858909 1 
1198 0.246307 0.67643 1 
923 0.670361 0.756732 1 
1108 0.607195 0.118875 1 
