1194 0.0587668 0.692919 1 
928 0.725375 0.383483 1 
1110 0.472712 0.871705 1 
1201 0.958726 0.306528 1 
1115 0.800292 0.501533 1 
940 0.743975 0.989466 1 
1268 0.947188 0.394753 1 
1119 0.781885 0.141952 1 
948 0.259831 0.985405 1 
1122 0.573498 0.788027 1 
953 0.387851 0.615694 1 
957 0.370734 0.91818 1 
1125 0.850619 0.353022 1 
961 0.764766 0.415809 1 
1128 0.673313 0.376429 1 
965 0.474661 0.620693 1 
967 0.0417354 0.446492 1 
1287 0.851862 0.241766 1 
969 0.528426 0.26376 1 
1210 0.085824 0.444676 1 
1131 0.541966 0.815665 1 
971 0.947493 0.520665 1 
973 0.0590338 0.180246 1 
1133 0.375371 0.865906 1 
975 0.245565 0.214432 1 
977 0.12037 0.0636804 1 
979 0.424372 0.421564 1 
981 0.725675 0.4131 1 
1213 0.0195272 0.192847 1 
1137 0.807099 0.919678 1 
983 0.754969 0.770718 1 
