453 0.162768 0.647159 1 
478 0.0959836 0.195799 1 
494 0.479615 0.894006 1 
506 0.815741 0.164546 1 
1158 0.221749 0.92821 1 
1224 0.745576 0.895953 1 
1029 0.00259069 0.541794 1 
1159 0.418199 0.67807 1 
1380 0.682184 0.458464 1 
1257 0.841707 0.567529 1 
1031 0.625403 0.140627 1 
1160 0.315685 0.714523 1 
1379 0.504285 0.51917 1 
1225 0.274675 0.46664 1 
1336 0.723244 0.558583 1 
1032 0.521238 0.452105 1 
1033 0.52295 0.212869 1 
1161 0.984196 0.374006 1 
1289 0.295595 0.0680871 1 
1162 0.912644 0.815366 1 
1378 0.719719 0.317695 1 
1462 0.484281 0.308278 1 
1226 0.822205 0.800601 1 
1335 0.223046 0.737295 1 
1461 0.461757 0.753167 1 
1163 0.853785 0.558136 1 
1377 0.410869 0.480021 1 
1037 0.723715 0.47728 1 
1258 0.464687 0.998999 1 
1314 0.138175 0.302945 1 
1038 0.651135 0.620752 1 
