1442 0.297355 0.651896 1 
1367 0.139786 0.376845 1 
1067 0.807078 0.566662 1 
842 0.0592721 0.185516 1 
1330 0.492978 0.4787 1 
1068 0.891119 0.0367823 1 
1440 0.899904 0.680448 1 
848 0.0634398 0.232882 1 
1072 0.807771 0.207299 1 
1437 0.454008 0.515198 1 
852 0.339495 0.897922 1 
1276 0.163946 0.447865 1 
1302 0.676916 0.93538 1 
856 0.173 0.616275 1 
1075 0.236619 0.855024 1 
859 0.6496 0.823317 1 
1364 0.982822 0.286115 1 
861 0.704506 0.626862 1 
863 0.569988 0.787831 1 
1078 0.721805 0.372567 1 
865 0.306109 0.768604 1 
1079 0.728099 0.160864 1 
1237 0.0593917 0.196681 1 
1328 0.768528 0.655674 1 
867 0.169195 0.667897 1 
1080 0.645878 0.274074 1 
869 0.595354 0.117682 1 
1297 0.0458162 0.0332783 1 
871 0.605843 0.400052 1 
872 0.67207 0.487427 1 
873 0.185357 0.29998 1 
