0 7.28423
3 6.92735
62 7.19182
22 7.28465
111 6.82737
144 6.99834
184 7.27366
106 7.27366
80 7.27366
271 7.27366
258 7.27366
315 6.96346
295 6.96346
411 7.09388
418 7.34305
450 7.34305
481 7.08694
420 7.14363
555 7.14363
563 7.29083
597 7.29083
654 7.29083
703 7.37767
716 7.37767
767 7.37767
794 7.1786
742 7.1786
765 7.1786
711 7.2776
747 7.2776
896 6.9726
724 6.9726
721 6.94419
1039 7.1624
1026 7.1624
1109 7.1624
1105 7.1629
1051 7.33672
1098 7.33672
976 7.1629
1144 7.23814
1311 7.02273
1296 7.02273
881 7.02273
1387 7.22409
1401 7.23955
1420 7.23955
693 7.22409
805 7.09959
1546 7.14348
1588 7.14348
1602 7.22605
1663 7.33355
1694 7.33355
1699 7.33355
1748 7.3016
1756 7.3103
1821 7.07553
1846 7.26845
1876 7.26845
1681 6.79182
1931 7.30097
1965 7.30097
1969 7.30854
